$nomention
$suppressErrors
$onlyAdmin[🚫 **Somente administradores podem realizar PIX para adicionar dinheiro no banco de membros!**]
$description[ 📲💵 | **PIX REALIZADO COM SUCESSO**

Valor: K$ $noMentionMessage

__**🔒 | Código de autenticação:**__ $randomText[000;00;0;1;2;3;4;5;6;7;8;9;10;11;12;13;14;15;16;17;18;19;20;21;22;23;24;25;26;27;28;29;30;31;32;33;34;35;36;37;38;39;40;41;42;43;44;45;46;47;48;49;50;51;52;53;54;55;56;57;58;59;60;61;62;63;64;65;66;67;68;69;70;71;72;73;74;75;76;77;78;79;80;81;82;83;84;85;86;87;88;89;90;91;92;93;94;95;96;97;98;99;0]$randomText[00;1;2;3;4;5;6;7;8;9;10;11;12;13;14;15;16;17;18;19;20;21;22;23;24;25;26;27;28;29;30;31;32;33;34;35;36;37;38;39;40;41;42;]$randomText[0;0;1;2;3;4;5;6;7;8;9;10;1;35;36;37;38;39;40;41;42;43;44;45;46;47;48;49;50;51;52;53;54;55;56;57;58;59;60;61;62;63;64;65;66;67;68;69;70;71;72;73;74;75;76;77;78;79;80;81;82;83;84;85;86;87;88;89;90;91;92;93;94;95;96;97;98;99;0]$randomText[00;0;1;2;3;4;5;6;7;8;9;10;11;12;13;14;15;16;17;18;19;57;58;59;60;61;62;63;64;65;66;67;68;69;70;71;72;73;74;75;76;77;78;79;80;81;82;83;84;85;86;87;88;89;90;91;92;93;94;95;96;97;98;99;0]$randomText[0;1;2;3;4;5;6;7;8;9;10;11;12;13;14;15;16;17;18;19;56;57;58;59;60;61;62;63;64;65;66;67;68;69;70;71;72;73;74;75;76;77;78;79;80;81;82;83;84;85;86;87;88;89;90;91;92;93;94;95;96;97;98;99;0]
**📱 | Tipo de transferência: PIX**
**👤 | Usuário:** $mentioned[>]
**📅 | Data:** $date
**🔗 | IP:** $randomText[192;001;185;108;385;201;172;100].$randomText[962;000;161;783;491;281;620].$randomText[629;529;528;158;438;601;007;429]
**📩 | E-mail do remetente:** ×××××$randomText[pato;game;play;tube;08yt;6291;0159;gato;erro;jose;mari;ypaz;nazi;malo;cwlh;91vk;iwx6;pwxk;9wiv;oqcl;owcw;gwov;fqid;pqcd;8152;0510]@$randomText[gmail.com;outlook.com]]
$setUserVar[Money;$sum[$getUserVar[Money;$mentioned[>]];$noMentionMessage];$mentioned[>]]
$deletecommand
$footer[]
$color[02a611]
